20.000000	-0.261
20.299999	-0.258
20.600000	-0.261
20.900000	-0.265
21.200001	-0.267
21.400000	-0.267
21.799999	-0.266
22.000000	-0.265
22.400000	-0.263
22.700001	-0.260
23.000000	-0.257
23.299999	-0.254
23.600000	-0.250
24.000000	-0.245
24.299999	-0.241
24.700001	-0.234
25.000000	-0.229
25.400000	-0.222
25.799999	-0.214
26.200001	-0.206
26.500000	-0.200
26.900000	-0.193
27.200001	-0.187
27.600000	-0.179
28.000000	-0.171
28.500000	-0.161
29.000000	-0.152
29.500000	-0.142
30.000000	-0.133
30.400000	-0.126
30.700001	-0.121
31.100000	-0.115
31.500000	-0.109
32.000000	-0.101
32.500000	-0.094
33.000000	-0.087
33.500000	-0.081
34.000000	-0.075
34.500000	-0.069
35.000000	-0.063
35.500000	-0.058
36.000000	-0.052
36.500000	-0.047
37.000000	-0.043
37.500000	-0.037
38.200001	-0.030
38.700001	-0.025
39.500000	-0.018
40.000000	-0.013
40.599998	-0.008
41.200001	-0.002
41.799999	0.004
42.500000	0.011
43.099998	0.017
43.700001	0.023
44.400002	0.030
45.000000	0.036
45.500000	0.042
46.200001	0.048
46.799999	0.054
47.500000	0.062
48.200001	0.069
48.700001	0.074
49.400002	0.081
50.000000	0.087
50.799999	0.094
51.500000	0.101
52.200001	0.108
53.000000	0.115
53.799999	0.122
54.500000	0.129
55.200001	0.134
56.000000	0.141
57.000000	0.149
58.000000	0.156
59.000000	0.162
60.000000	0.169
60.799999	0.173
61.500000	0.177
62.200001	0.181
63.000000	0.185
64.000000	0.190
65.000000	0.194
66.000000	0.198
67.000000	0.202
68.000000	0.205
69.000000	0.207
70.000000	0.210
71.000000	0.212
72.000000	0.214
73.000000	0.215
74.000000	0.216
75.000000	0.217
76.199997	0.218
77.500000	0.219
78.800003	0.220
80.000000	0.220
81.199997	0.220
82.500000	0.220
83.800003	0.220
85.000000	0.219
86.199997	0.219
87.500000	0.218
88.500000	0.217
90.000000	0.216
91.199997	0.215
92.500000	0.214
93.800003	0.212
95.000000	0.210
96.199997	0.208
97.500000	0.206
98.800003	0.203
100.000000	0.200
101.500000	0.196
103.000000	0.192
104.400002	0.188
106.000000	0.183
107.500000	0.178
109.000000	0.173
110.599998	0.167
112.000000	0.162
113.800003	0.155
115.000000	0.150
117.199997	0.141
118.000000	0.137
120.599998	0.127
122.000000	0.121
124.099998	0.113
125.000000	0.110
126.500000	0.104
128.000000	0.098
131.500000	0.084
132.000000	0.082
134.000000	0.075
136.000000	0.068
138.000000	0.062
140.000000	0.057
143.000000	0.049
145.000000	0.044
147.500000	0.038
150.000000	0.033
152.500000	0.029
155.000000	0.025
157.500000	0.022
160.000000	0.020
162.500000	0.017
165.000000	0.014
167.500000	0.012
170.000000	0.010
172.500000	0.009
175.000000	0.008
177.500000	0.007
180.000000	0.006
182.500000	0.005
185.000000	0.005
187.500000	0.005
190.000000	0.005
192.500000	0.005
195.000000	0.006
197.500000	0.007
200.000000	0.008
203.000000	0.010
206.000000	0.012
209.000000	0.015
212.000000	0.018
214.000000	0.020
218.000000	0.025
220.000000	0.028
224.000000	0.034
227.000000	0.040
230.000000	0.045
233.000000	0.052
236.000000	0.058
240.000000	0.067
243.000000	0.074
247.000000	0.084
250.000000	0.092
254.000000	0.102
258.000000	0.112
262.000000	0.121
265.000000	0.129
269.000000	0.138
272.000000	0.145
276.000000	0.154
280.000000	0.163
285.000000	0.174
290.000000	0.186
295.000000	0.196
300.000000	0.207
304.000000	0.215
307.000000	0.222
311.000000	0.229
315.000000	0.237
320.000000	0.248
325.000000	0.258
330.000000	0.267
335.000000	0.277
340.000000	0.287
345.000000	0.297
350.000000	0.307
355.000000	0.316
360.000000	0.326
365.000000	0.334
370.000000	0.343
375.000000	0.351
382.000000	0.363
387.000000	0.370
395.000000	0.380
400.000000	0.386
406.000000	0.393
412.000000	0.399
418.000000	0.404
425.000000	0.409
431.000000	0.412
437.000000	0.415
444.000000	0.418
450.000000	0.420
455.000000	0.422
462.000000	0.424
468.000000	0.426
475.000000	0.427
482.000000	0.429
487.000000	0.429
494.000000	0.430
500.000000	0.430
508.000000	0.430
515.000000	0.429
522.000000	0.428
530.000000	0.427
538.000000	0.426
545.000000	0.426
552.000000	0.425
560.000000	0.424
570.000000	0.424
580.000000	0.424
590.000000	0.424
600.000000	0.425
608.000000	0.425
615.000000	0.425
622.000000	0.425
630.000000	0.425
640.000000	0.424
650.000000	0.422
660.000000	0.419
670.000000	0.416
680.000000	0.411
690.000000	0.406
700.000000	0.400
710.000000	0.393
720.000000	0.386
730.000000	0.380
740.000000	0.374
750.000000	0.369
762.000000	0.363
775.000000	0.359
788.000000	0.356
800.000000	0.356
812.000000	0.358
825.000000	0.362
838.000000	0.367
850.000000	0.374
862.000000	0.383
875.000000	0.393
885.000000	0.403
900.000000	0.418
912.000000	0.433
925.000000	0.451
938.000000	0.472
950.000000	0.494
962.000000	0.520
975.000000	0.551
988.000000	0.588
1000.000000	0.627
1015.000000	0.682
1030.000000	0.742
1044.000000	0.804
1060.000000	0.878
1075.000000	0.949
1090.000000	1.021
1106.000000	1.095
1120.000000	1.157
1138.000000	1.233
1150.000000	1.281
1172.000000	1.364
1180.000000	1.393
1206.000000	1.485
1220.000000	1.533
1241.000000	1.605
1250.000000	1.636
1265.000000	1.688
1280.000000	1.741
1315.000000	1.865
1320.000000	1.883
1340.000000	1.956
1360.000000	2.030
1380.000000	2.105
1400.000000	2.181
1430.000000	2.297
1450.000000	2.375
1475.000000	2.475
1500.000000	2.578
1525.000000	2.684
1550.000000	2.793
1575.000000	2.905
1600.000000	3.018
1625.000000	3.134
1650.000000	3.252
1675.000000	3.372
1700.000000	3.495
1725.000000	3.621
1750.000000	3.750
1775.000000	3.884
1800.000000	4.022
1825.000000	4.164
1850.000000	4.311
1875.000000	4.461
1900.000000	4.616
1925.000000	4.775
1950.000000	4.938
1975.000000	5.105
2000.000000	5.276
2030.000000	5.488
2060.000000	5.705
2090.000000	5.927
2120.000000	6.154
2140.000000	6.307
2180.000000	6.614
2200.000000	6.768
2240.000000	7.073
2270.000000	7.298
2300.000000	7.519
2330.000000	7.734
2360.000000	7.943
2400.000000	8.213
2430.000000	8.407
2470.000000	8.656
2500.000000	8.834
2540.000000	9.063
2580.000000	9.282
2620.000000	9.490
2650.000000	9.639
2690.000000	9.827
2720.000000	9.959
2760.000000	10.123
2800.000000	10.270
2850.000000	10.431
2900.000000	10.565
2950.000000	10.673
3000.000000	10.755
3040.000000	10.804
3070.000000	10.830
3110.000000	10.853
3150.000000	10.862
3200.000000	10.856
3250.000000	10.831
3300.000000	10.790
3350.000000	10.734
3400.000000	10.664
3450.000000	10.582
3500.000000	10.491
3550.000000	10.393
3600.000000	10.288
3650.000000	10.177
3700.000000	10.062
3750.000000	9.942
3820.000000	9.769
3870.000000	9.644
3950.000000	9.444
4000.000000	9.320
4060.000000	9.175
4120.000000	9.035
4180.000000	8.903
4250.000000	8.761
4310.000000	8.650
4370.000000	8.551
4440.000000	8.452
4500.000000	8.380
4550.000000	8.330
4620.000000	8.270
4680.000000	8.226
4750.000000	8.180
4820.000000	8.135
4870.000000	8.101
4940.000000	8.049
5000.000000	7.997
5080.000000	7.917
5150.000000	7.838
5220.000000	7.752
5300.000000	7.646
5380.000000	7.536
5450.000000	7.437
5520.000000	7.339
5600.000000	7.229
5700.000000	7.098
5800.000000	6.976
5900.000000	6.868
6000.000000	6.773
6080.000000	6.710
6150.000000	6.664
6220.000000	6.627
6300.000000	6.596
6400.000000	6.573
6500.000000	6.567
6600.000000	6.577
6700.000000	6.602
6800.000000	6.640
6900.000000	6.687
7000.000000	6.740
7100.000000	6.797
7200.000000	6.852
7300.000000	6.902
7400.000000	6.944
7500.000000	6.973
7620.000000	6.986
7750.000000	6.969
7880.000000	6.915
8000.000000	6.829
8120.000000	6.705
8250.000000	6.527
8380.000000	6.304
8500.000000	6.061
8620.000000	5.785
8750.000000	5.454
8850.000000	5.182
9000.000000	4.759
9120.000000	4.419
9250.000000	4.062
9380.000000	3.732
9500.000000	3.461
9620.000000	3.232
9750.000000	3.034
9880.000000	2.894
10000.000000	2.820
10150.000000	2.801
10300.000000	2.859
10440.000000	2.964
10600.000000	3.093
10750.000000	3.159
10900.000000	3.121
11060.000000	2.952
11200.000000	2.708
11380.000000	2.307
11500.000000	2.014
11720.000000	1.470
11800.000000	1.283
12060.000000	0.765
12200.000000	0.574
12410.000000	0.429
12500.000000	0.409
12650.000000	0.426
12800.000000	0.491
13150.000000	0.762
13200.000000	0.810
13400.000000	1.023
13600.000000	1.234
13800.000000	1.401
14000.000000	1.486
14300.000000	1.439
14500.000000	1.294
14750.000000	0.999
15000.000000	0.623
15250.000000	0.204
15500.000000	-0.223
15750.000000	-0.637
16000.000000	-1.026
16250.000000	-1.390
16500.000000	-1.731
16750.000000	-2.051
17000.000000	-2.348
17250.000000	-2.614
17500.000000	-2.839
17750.000000	-3.005
18000.000000	-3.087
18250.000000	-3.049
18500.000000	-2.859
18750.000000	-2.549
19000.000000	-2.305
19250.000000	-2.476
19500.000000	-3.420
19750.000000	-5.301
20000.000000	-7.649
