20.000000	-0.267
20.299999	-0.260
20.600000	-0.261
20.900000	-0.264
21.200001	-0.266
21.400000	-0.266
21.799999	-0.265
22.000000	-0.265
22.400000	-0.262
22.700001	-0.260
23.000000	-0.257
23.299999	-0.253
23.600000	-0.250
24.000000	-0.244
24.299999	-0.240
24.700001	-0.234
25.000000	-0.228
25.400000	-0.221
25.799999	-0.213
26.200001	-0.206
26.500000	-0.200
26.900000	-0.192
27.200001	-0.186
27.600000	-0.178
28.000000	-0.170
28.500000	-0.161
29.000000	-0.151
29.500000	-0.142
30.000000	-0.133
30.400000	-0.126
30.700001	-0.121
31.100000	-0.114
31.500000	-0.108
32.000000	-0.101
32.500000	-0.093
33.000000	-0.086
33.500000	-0.080
34.000000	-0.074
34.500000	-0.068
35.000000	-0.062
35.500000	-0.057
36.000000	-0.052
36.500000	-0.047
37.000000	-0.042
37.500000	-0.037
38.200001	-0.029
38.700001	-0.025
39.500000	-0.017
40.000000	-0.013
40.599998	-0.007
41.200001	-0.001
41.799999	0.005
42.500000	0.012
43.099998	0.018
43.700001	0.024
44.400002	0.031
45.000000	0.037
45.500000	0.042
46.200001	0.049
46.799999	0.055
47.500000	0.062
48.200001	0.069
48.700001	0.074
49.400002	0.082
50.000000	0.087
50.799999	0.095
51.500000	0.102
52.200001	0.109
53.000000	0.116
53.799999	0.123
54.500000	0.129
55.200001	0.135
56.000000	0.142
57.000000	0.149
58.000000	0.156
59.000000	0.163
60.000000	0.169
60.799999	0.174
61.500000	0.178
62.200001	0.181
63.000000	0.186
64.000000	0.190
65.000000	0.195
66.000000	0.199
67.000000	0.202
68.000000	0.206
69.000000	0.208
70.000000	0.211
71.000000	0.213
72.000000	0.214
73.000000	0.215
74.000000	0.217
75.000000	0.218
76.199997	0.219
77.500000	0.220
78.800003	0.220
80.000000	0.220
81.199997	0.221
82.500000	0.221
83.800003	0.220
85.000000	0.220
86.199997	0.220
87.500000	0.219
88.500000	0.218
90.000000	0.217
91.199997	0.216
92.500000	0.215
93.800003	0.213
95.000000	0.211
96.199997	0.209
97.500000	0.207
98.800003	0.204
100.000000	0.201
101.500000	0.197
103.000000	0.193
104.400002	0.188
106.000000	0.183
107.500000	0.179
109.000000	0.173
110.599998	0.168
112.000000	0.163
113.800003	0.156
115.000000	0.151
117.199997	0.141
118.000000	0.138
120.599998	0.128
122.000000	0.122
124.099998	0.114
125.000000	0.110
126.500000	0.104
128.000000	0.098
131.500000	0.085
132.000000	0.083
134.000000	0.076
136.000000	0.069
138.000000	0.063
140.000000	0.058
143.000000	0.050
145.000000	0.045
147.500000	0.039
150.000000	0.034
152.500000	0.030
155.000000	0.026
157.500000	0.023
160.000000	0.020
162.500000	0.018
165.000000	0.015
167.500000	0.013
170.000000	0.011
172.500000	0.009
175.000000	0.008
177.500000	0.007
180.000000	0.007
182.500000	0.006
185.000000	0.006
187.500000	0.005
190.000000	0.006
192.500000	0.006
195.000000	0.007
197.500000	0.007
200.000000	0.008
203.000000	0.010
206.000000	0.013
209.000000	0.016
212.000000	0.019
214.000000	0.021
218.000000	0.026
220.000000	0.028
224.000000	0.035
227.000000	0.040
230.000000	0.046
233.000000	0.052
236.000000	0.059
240.000000	0.068
243.000000	0.075
247.000000	0.085
250.000000	0.092
254.000000	0.102
258.000000	0.112
262.000000	0.122
265.000000	0.129
269.000000	0.139
272.000000	0.146
276.000000	0.155
280.000000	0.164
285.000000	0.175
290.000000	0.186
295.000000	0.197
300.000000	0.208
304.000000	0.216
307.000000	0.222
311.000000	0.230
315.000000	0.238
320.000000	0.248
325.000000	0.258
330.000000	0.268
335.000000	0.278
340.000000	0.288
345.000000	0.298
350.000000	0.308
355.000000	0.317
360.000000	0.326
365.000000	0.335
370.000000	0.344
375.000000	0.352
382.000000	0.363
387.000000	0.370
395.000000	0.381
400.000000	0.387
406.000000	0.394
412.000000	0.400
418.000000	0.405
425.000000	0.409
431.000000	0.413
437.000000	0.415
444.000000	0.418
450.000000	0.420
455.000000	0.422
462.000000	0.424
468.000000	0.426
475.000000	0.427
482.000000	0.428
487.000000	0.429
494.000000	0.430
500.000000	0.430
508.000000	0.429
515.000000	0.429
522.000000	0.428
530.000000	0.427
538.000000	0.426
545.000000	0.425
552.000000	0.425
560.000000	0.424
570.000000	0.423
580.000000	0.424
590.000000	0.424
600.000000	0.424
608.000000	0.424
615.000000	0.425
622.000000	0.425
630.000000	0.424
640.000000	0.423
650.000000	0.421
660.000000	0.419
670.000000	0.415
680.000000	0.410
690.000000	0.405
700.000000	0.398
710.000000	0.392
720.000000	0.385
730.000000	0.378
740.000000	0.372
750.000000	0.367
762.000000	0.362
775.000000	0.358
788.000000	0.355
800.000000	0.355
812.000000	0.356
825.000000	0.360
838.000000	0.366
850.000000	0.372
862.000000	0.381
875.000000	0.391
885.000000	0.400
900.000000	0.416
912.000000	0.430
925.000000	0.449
938.000000	0.469
950.000000	0.492
962.000000	0.518
975.000000	0.550
988.000000	0.586
1000.000000	0.625
1015.000000	0.679
1030.000000	0.740
1044.000000	0.800
1060.000000	0.874
1075.000000	0.944
1090.000000	1.015
1106.000000	1.089
1120.000000	1.151
1138.000000	1.226
1150.000000	1.274
1172.000000	1.357
1180.000000	1.386
1206.000000	1.477
1220.000000	1.526
1241.000000	1.597
1250.000000	1.628
1265.000000	1.680
1280.000000	1.732
1315.000000	1.856
1320.000000	1.874
1340.000000	1.946
1360.000000	2.020
1380.000000	2.094
1400.000000	2.170
1430.000000	2.285
1450.000000	2.362
1475.000000	2.462
1500.000000	2.564
1525.000000	2.670
1550.000000	2.778
1575.000000	2.888
1600.000000	3.001
1625.000000	3.116
1650.000000	3.234
1675.000000	3.353
1700.000000	3.474
1725.000000	3.600
1750.000000	3.729
1775.000000	3.862
1800.000000	3.999
1825.000000	4.140
1850.000000	4.285
1875.000000	4.435
1900.000000	4.589
1925.000000	4.746
1950.000000	4.908
1975.000000	5.074
2000.000000	5.244
2030.000000	5.453
2060.000000	5.669
2090.000000	5.889
2120.000000	6.113
2140.000000	6.264
2180.000000	6.568
2200.000000	6.719
2240.000000	7.019
2270.000000	7.240
2300.000000	7.456
2330.000000	7.667
2360.000000	7.871
2400.000000	8.134
2430.000000	8.322
2470.000000	8.563
2500.000000	8.734
2540.000000	8.954
2580.000000	9.161
2620.000000	9.356
2650.000000	9.495
2690.000000	9.668
2720.000000	9.788
2760.000000	9.934
2800.000000	10.063
2850.000000	10.199
2900.000000	10.307
2950.000000	10.387
3000.000000	10.440
3040.000000	10.464
3070.000000	10.472
3110.000000	10.468
3150.000000	10.450
3200.000000	10.409
3250.000000	10.349
3300.000000	10.271
3350.000000	10.176
3400.000000	10.067
3450.000000	9.945
3500.000000	9.813
3550.000000	9.673
3600.000000	9.524
3650.000000	9.369
3700.000000	9.208
3750.000000	9.042
3820.000000	8.802
3870.000000	8.629
3950.000000	8.348
4000.000000	8.174
4060.000000	7.966
4120.000000	7.761
4180.000000	7.563
4250.000000	7.342
4310.000000	7.164
4370.000000	6.997
4440.000000	6.818
4500.000000	6.678
4550.000000	6.571
4620.000000	6.433
4680.000000	6.325
4750.000000	6.209
4820.000000	6.097
4870.000000	6.020
4940.000000	5.913
5000.000000	5.821
5080.000000	5.698
5150.000000	5.590
5220.000000	5.483
5300.000000	5.367
5380.000000	5.256
5450.000000	5.166
5520.000000	5.084
5600.000000	4.999
5700.000000	4.910
5800.000000	4.838
5900.000000	4.784
6000.000000	4.747
6080.000000	4.730
6150.000000	4.724
6220.000000	4.727
6300.000000	4.739
6400.000000	4.767
6500.000000	4.808
6600.000000	4.862
6700.000000	4.925
6800.000000	4.996
6900.000000	5.071
7000.000000	5.149
7100.000000	5.225
7200.000000	5.296
7300.000000	5.358
7400.000000	5.410
7500.000000	5.447
7620.000000	5.471
7750.000000	5.466
7880.000000	5.429
8000.000000	5.365
8120.000000	5.269
8250.000000	5.129
8380.000000	4.951
8500.000000	4.753
8620.000000	4.523
8750.000000	4.241
8850.000000	4.004
9000.000000	3.624
9120.000000	3.310
9250.000000	2.970
9380.000000	2.642
9500.000000	2.363
9620.000000	2.113
9750.000000	1.883
9880.000000	1.699
10000.000000	1.578
10150.000000	1.492
10300.000000	1.476
10440.000000	1.505
10600.000000	1.549
10750.000000	1.546
10900.000000	1.462
11060.000000	1.269
11200.000000	1.022
11380.000000	0.635
11500.000000	0.359
11720.000000	-0.138
11800.000000	-0.304
12060.000000	-0.747
12200.000000	-0.899
12410.000000	-0.994
12500.000000	-0.993
12650.000000	-0.942
12800.000000	-0.843
13150.000000	-0.502
13200.000000	-0.446
13400.000000	-0.208
13600.000000	0.021
13800.000000	0.203
14000.000000	0.302
14300.000000	0.284
14500.000000	0.160
14750.000000	-0.108
15000.000000	-0.459
15250.000000	-0.857
15500.000000	-1.270
15750.000000	-1.673
16000.000000	-2.056
16250.000000	-2.415
16500.000000	-2.752
16750.000000	-3.067
17000.000000	-3.358
17250.000000	-3.619
17500.000000	-3.837
17750.000000	-3.994
18000.000000	-4.063
18250.000000	-4.013
18500.000000	-3.831
18750.000000	-3.578
19000.000000	-3.448
19250.000000	-3.726
19500.000000	-4.697
19750.000000	-6.404
20000.000000	-8.025
