10.000000	0.000
20.000000	0.000
21.342808	0.000
21.497467	0.000
21.653246	0.001
21.810154	0.001
21.968201	0.001
22.127390	0.001
22.287735	0.001
22.449242	0.001
22.611917	0.001
22.775772	0.001
22.940815	0.002
23.107054	0.002
23.274498	0.002
23.443153	0.002
23.613033	0.002
23.784142	0.003
23.956491	0.003
24.130091	0.003
24.304947	0.003
24.481071	0.004
24.658470	0.004
24.837156	0.004
25.017136	0.004
25.198421	0.005
25.381020	0.005
25.564941	0.005
25.750195	0.005
25.936790	0.006
26.124741	0.006
26.314051	0.006
26.504732	0.006
26.696796	0.007
26.890253	0.007
27.085112	0.007
27.281382	0.008
27.479073	0.008
27.678198	0.008
27.878765	0.009
28.080786	0.009
28.284271	0.009
28.489231	0.010
28.695675	0.010
28.903616	0.010
29.113064	0.011
29.324028	0.011
29.536524	0.012
29.750557	0.012
29.966141	0.012
30.183289	0.013
30.402010	0.013
30.622314	0.013
30.844217	0.014
31.067726	0.014
31.292856	0.015
31.519617	0.015
31.748020	0.015
31.978081	0.016
32.209808	0.016
32.443211	0.017
32.678310	0.017
32.915108	0.017
33.153625	0.018
33.393871	0.018
33.635857	0.019
33.879597	0.019
34.125103	0.019
34.372387	0.020
34.621464	0.020
34.872345	0.021
35.125042	0.021
35.379574	0.021
35.635948	0.022
35.894180	0.022
36.154285	0.023
36.416275	0.023
36.680161	0.024
36.945961	0.024
37.213688	0.025
37.483353	0.025
37.754974	0.026
38.028561	0.026
38.304131	0.027
38.581699	0.027
38.861279	0.028
39.142883	0.028
39.426529	0.029
39.712231	0.029
40.000000	0.029
40.289856	0.030
40.581814	0.030
40.875885	0.031
41.172089	0.031
41.470440	0.032
41.770950	0.032
42.073643	0.033
42.378525	0.033
42.685616	0.034
42.994934	0.034
43.306492	0.035
43.620308	0.035
43.936401	0.036
44.254780	0.037
44.575470	0.037
44.898483	0.038
45.223835	0.038
45.551544	0.039
45.881630	0.039
46.214108	0.040
46.548996	0.040
46.886307	0.041
47.226067	0.041
47.568283	0.042
47.912983	0.042
48.260181	0.043
48.609894	0.044
48.962143	0.044
49.316940	0.045
49.674313	0.045
50.034271	0.046
50.396843	0.046
50.762039	0.047
51.129883	0.048
51.500389	0.048
51.873581	0.049
52.249481	0.049
52.628101	0.050
53.009464	0.051
53.393593	0.051
53.780506	0.052
54.170223	0.052
54.562763	0.053
54.958145	0.053
55.356396	0.054
55.757530	0.055
56.161572	0.055
56.568542	0.056
56.978462	0.056
57.391350	0.057
57.807232	0.058
58.226128	0.058
58.648056	0.059
59.073048	0.060
59.501114	0.060
59.932281	0.061
60.366577	0.062
60.804020	0.062
61.244629	0.063
61.688435	0.064
62.135452	0.064
62.585712	0.065
63.039234	0.066
63.496040	0.066
63.956161	0.067
64.419617	0.068
64.886421	0.068
65.356621	0.069
65.830215	0.070
66.307251	0.071
66.787743	0.071
67.271713	0.072
67.759193	0.073
68.250206	0.074
68.744774	0.075
69.242928	0.076
69.744690	0.076
70.250084	0.077
70.759148	0.078
71.271896	0.079
71.788361	0.080
72.308571	0.081
72.832550	0.082
73.360321	0.083
73.891922	0.083
74.427376	0.084
74.966705	0.085
75.509949	0.086
76.057121	0.087
76.608261	0.088
77.163399	0.089
77.722557	0.090
78.285767	0.091
78.853058	0.092
79.424461	0.093
80.000000	0.094
80.579712	0.095
81.163628	0.096
81.751770	0.097
82.344177	0.098
82.940880	0.100
83.541901	0.101
84.147285	0.102
84.757050	0.103
85.371231	0.105
85.989868	0.106
86.612984	0.107
87.240616	0.109
87.872803	0.110
88.509560	0.111
89.150940	0.113
89.796967	0.114
90.447670	0.115
91.103088	0.117
91.763260	0.118
92.428215	0.119
93.097992	0.121
93.772614	0.122
94.452133	0.124
95.136566	0.125
95.825966	0.127
96.520363	0.128
97.219788	0.130
97.924286	0.132
98.633881	0.133
99.348625	0.135
100.068542	0.137
100.793686	0.138
101.524078	0.140
102.259766	0.142
103.000778	0.143
103.747162	0.145
104.498962	0.147
105.256203	0.149
106.018929	0.151
106.787186	0.153
107.561012	0.154
108.340446	0.156
109.125526	0.158
109.916290	0.160
110.712791	0.162
111.515060	0.164
112.323143	0.166
113.137085	0.168
113.956924	0.171
114.782700	0.173
115.614464	0.175
116.452255	0.177
117.296112	0.179
118.146095	0.182
119.002228	0.184
119.864563	0.187
120.733154	0.189
121.608040	0.191
122.489258	0.194
123.376869	0.196
124.270905	0.199
125.171425	0.202
126.078468	0.204
126.992081	0.207
127.912323	0.210
128.839233	0.212
129.772842	0.215
130.713242	0.218
131.660431	0.221
132.614502	0.224
133.575485	0.227
134.543427	0.230
135.518387	0.233
136.500412	0.236
137.489548	0.239
138.485855	0.242
139.489380	0.245
140.500168	0.248
141.518295	0.252
142.543793	0.255
143.576721	0.258
144.617142	0.262
145.665100	0.265
146.720642	0.268
147.783844	0.272
148.854752	0.275
149.933411	0.279
151.019897	0.282
152.114243	0.286
153.216522	0.290
154.326797	0.293
155.445114	0.297
156.571533	0.301
157.706116	0.304
158.848923	0.308
160.000000	0.312
161.159424	0.316
162.327255	0.320
163.503540	0.324
164.688354	0.328
165.881760	0.332
167.083801	0.336
168.294571	0.340
169.514099	0.344
170.742462	0.349
171.979736	0.353
173.225967	0.358
174.481232	0.363
175.745605	0.368
177.019119	0.373
178.301880	0.378
179.593933	0.383
180.895340	0.388
182.206177	0.393
183.526520	0.398
184.856430	0.403
186.195984	0.409
187.545227	0.414
188.904266	0.419
190.273132	0.425
191.651932	0.430
193.040726	0.436
194.439575	0.441
195.848572	0.447
197.267761	0.452
198.697250	0.458
200.137085	0.463
201.587372	0.469
203.048157	0.475
204.519531	0.480
206.001556	0.486
207.494324	0.492
208.997925	0.498
210.512405	0.504
212.037857	0.510
213.574371	0.516
215.122025	0.523
216.680893	0.529
218.251053	0.536
219.832581	0.543
221.425583	0.551
223.030121	0.558
224.646286	0.566
226.274170	0.574
227.913849	0.583
229.565399	0.591
231.228928	0.600
232.904510	0.609
234.592224	0.618
236.292191	0.627
238.004456	0.637
239.729126	0.646
241.466309	0.656
243.216080	0.666
244.978516	0.676
246.753738	0.686
248.541809	0.696
250.342850	0.706
252.156937	0.716
253.984161	0.726
255.824646	0.737
257.678467	0.747
259.545685	0.757
261.426483	0.767
263.320862	0.777
265.229004	0.787
267.150970	0.797
269.086853	0.807
271.036774	0.817
273.000824	0.827
274.979095	0.838
276.971710	0.848
278.978760	0.859
281.000336	0.870
283.036591	0.881
285.087585	0.892
287.153442	0.903
289.234283	0.914
291.330200	0.926
293.441284	0.938
295.567688	0.950
297.709503	0.962
299.866821	0.975
302.039795	0.987
304.228485	1.000
306.433044	1.013
308.653595	1.027
310.890228	1.040
313.143066	1.054
315.412231	1.068
317.697845	1.082
320.000000	1.096
322.318848	1.111
324.654510	1.125
327.007080	1.140
329.376709	1.155
331.763519	1.170
334.167603	1.185
336.589142	1.200
339.028198	1.216
341.484924	1.231
343.959473	1.246
346.451935	1.262
348.962463	1.278
351.491211	1.293
354.038239	1.309
356.603760	1.325
359.187866	1.341
361.790680	1.357
364.412354	1.373
367.053040	1.389
369.712860	1.405
372.391968	1.421
375.090454	1.437
377.808533	1.454
380.546265	1.470
383.303864	1.487
386.081451	1.504
388.879150	1.521
391.697144	1.538
394.535522	1.556
397.394501	1.574
400.274170	1.591
403.174744	1.610
406.096313	1.628
409.039062	1.646
412.003113	1.665
414.988647	1.684
417.995850	1.703
421.024811	1.722
424.075714	1.742
427.148743	1.761
430.244049	1.781
433.361786	1.801
436.502106	1.821
439.665161	1.842
442.851166	1.862
446.060242	1.883
449.292572	1.903
452.548340	1.924
455.827698	1.945
459.130798	1.966
462.457855	1.988
465.809021	2.009
469.184448	2.031
472.584381	2.052
476.008911	2.074
479.458252	2.096
482.932617	2.118
486.432159	2.140
489.957031	2.163
493.507477	2.185
497.083618	2.207
500.685699	2.230
504.313873	2.252
507.968323	2.275
511.649292	2.298
515.356934	2.320
519.091370	2.343
522.852966	2.366
526.641724	2.389
530.458008	2.412
534.301941	2.434
538.173706	2.457
542.073547	2.480
546.001648	2.503
549.958191	2.526
553.943420	2.550
557.957520	2.573
562.000671	2.597
566.073181	2.620
570.175171	2.644
574.306885	2.668
578.468567	2.693
582.660400	2.717
586.882568	2.742
591.135376	2.766
595.419006	2.791
599.733643	2.816
604.079590	2.840
608.456970	2.864
612.866089	2.888
617.307190	2.912
621.780457	2.935
626.286133	2.959
630.824463	2.982
635.395691	3.005
640.000000	3.028
644.637695	3.051
649.309021	3.074
654.014160	3.096
658.753418	3.118
663.527039	3.140
668.335205	3.162
673.178284	3.184
678.056396	3.205
682.969849	3.226
687.918945	3.247
692.903870	3.268
697.924927	3.289
702.982422	3.310
708.076477	3.330
713.207520	3.351
718.375732	3.371
723.581360	3.391
728.824707	3.410
734.106079	3.430
739.425720	3.449
744.783936	3.468
750.180908	3.487
755.617065	3.505
761.092529	3.523
766.607727	3.540
772.162903	3.558
777.758301	3.575
783.394287	3.593
789.071045	3.610
794.789001	3.627
800.548340	3.644
806.349487	3.661
812.192627	3.678
818.078125	3.695
824.006226	3.713
829.977295	3.730
835.991699	3.747
842.049622	3.765
848.151428	3.783
854.297485	3.800
860.488098	3.819
866.723572	3.837
873.004211	3.856
879.330322	3.875
885.702332	3.895
892.120483	3.915
898.585144	3.935
905.096680	3.956
911.655396	3.977
918.261597	3.999
924.915710	4.021
931.618042	4.043
938.368896	4.066
945.168762	4.090
952.017822	4.114
958.916504	4.138
965.865234	4.163
972.864319	4.189
979.914062	4.215
987.014954	4.241
994.167236	4.268
1001.371399	4.296
1008.627747	4.323
1015.936646	4.352
1023.298584	4.380
1030.713867	4.410
1038.182739	4.440
1045.705933	4.470
1053.283447	4.501
1060.916016	4.533
1068.603882	4.565
1076.347412	4.598
1084.147095	4.631
1092.003296	4.665
1099.916382	4.700
1107.886841	4.736
1115.915039	4.771
1124.001343	4.808
1132.146362	4.845
1140.350342	4.882
1148.613770	4.920
1156.937134	4.959
1165.320801	4.999
1173.765137	5.039
1182.270752	5.080
1190.838013	5.122
1199.467285	5.166
1208.159180	5.209
1216.913940	5.254
1225.732178	5.300
1234.614380	5.347
1243.560913	5.396
1252.572266	5.445
1261.648926	5.497
1270.791382	5.550
1280.000000	5.604
1289.275391	5.660
1298.618042	5.717
1308.028320	5.776
1317.506836	5.836
1327.054077	5.898
1336.670410	5.962
1346.356567	6.027
1356.112793	6.094
1365.939697	6.163
1375.837891	6.232
1385.807739	6.304
1395.849854	6.376
1405.964844	6.451
1416.152954	6.526
1426.415039	6.602
1436.751465	6.680
1447.162720	6.759
1457.649414	6.838
1468.212158	6.919
1478.851440	7.000
1489.567871	7.082
1500.361816	7.164
1511.234131	7.247
1522.185059	7.330
1533.215454	7.413
1544.325806	7.497
1555.516602	7.582
1566.788574	7.667
1578.142090	7.753
1589.578003	7.839
1601.096680	7.926
1612.698975	8.014
1624.385254	8.102
1636.156250	8.191
1648.012451	8.281
1659.954590	8.372
1671.983398	8.463
1684.099243	8.556
1696.302856	8.649
1708.594971	8.743
1720.976196	8.838
1733.447144	8.934
1746.008423	9.031
1758.660645	9.129
1771.404663	9.228
1784.240967	9.328
1797.170288	9.429
1810.193359	9.531
1823.310791	9.633
1836.523193	9.737
1849.831421	9.842
1863.236084	9.948
1876.737793	10.054
1890.337524	10.162
1904.035645	10.270
1917.833008	10.379
1931.730469	10.489
1945.728638	10.599
1959.828125	10.710
1974.029907	10.822
1988.334473	10.934
2002.742798	11.046
2017.255493	11.158
2031.873291	11.271
2046.597168	11.384
2061.427734	11.496
2076.365479	11.609
2091.411865	11.722
2106.566895	11.835
2121.832031	11.947
2137.207764	12.059
2152.694824	12.171
2168.294189	12.282
2184.006592	12.393
2199.832764	12.504
2215.773682	12.615
2231.830078	12.725
2248.002686	12.835
2264.292725	12.944
2280.700684	13.053
2297.227539	13.161
2313.874268	13.268
2330.641602	13.374
2347.530273	13.480
2364.541504	13.585
2381.676025	13.689
2398.934570	13.792
2416.318359	13.893
2433.827881	13.994
2451.464355	14.093
2469.228760	14.190
2487.121826	14.287
2505.144531	14.381
2523.297852	14.474
2541.582764	14.566
2560.000000	14.655
2578.550781	14.743
2597.236084	14.829
2616.056641	14.913
2635.013672	14.994
2654.108154	15.074
2673.340820	15.152
2692.713135	15.227
2712.225586	15.300
2731.879395	15.371
2751.675781	15.439
2771.615479	15.504
2791.699707	15.567
2811.929688	15.628
2832.305908	15.686
2852.830078	15.741
2873.502930	15.793
2894.325439	15.843
2915.298828	15.890
2936.424316	15.934
2957.702881	15.976
2979.135742	16.014
3000.723633	16.050
3022.468262	16.083
3044.370117	16.113
3066.430908	16.140
3088.651611	16.164
3111.033203	16.186
3133.577148	16.205
3156.284180	16.222
3179.156006	16.235
3202.193359	16.246
3225.397949	16.255
3248.770508	16.261
3272.312500	16.264
3296.024902	16.265
3319.909180	16.263
3343.966797	16.259
3368.198486	16.253
3392.605713	16.244
3417.189941	16.233
3441.952393	16.220
3466.894287	16.204
3492.016846	16.186
3517.321289	16.167
3542.809326	16.145
3568.481934	16.121
3594.340576	16.095
3620.386719	16.067
3646.621582	16.037
3673.046387	16.006
3699.662842	15.973
3726.472168	15.938
3753.475586	15.901
3780.675049	15.862
3808.071289	15.823
3835.666016	15.781
3863.460938	15.738
3891.457275	15.694
3919.656250	15.648
3948.059814	15.601
3976.668945	15.552
4005.485596	15.502
4034.510986	15.452
4063.746582	15.399
4093.194336	15.346
4122.855469	15.292
4152.730957	15.237
4182.823730	15.181
4213.133789	15.124
4243.664062	15.067
4274.415527	15.008
4305.389648	14.949
4336.588379	14.889
4368.013184	14.828
4399.665527	14.768
4431.547363	14.706
4463.660156	14.644
4496.005371	14.582
4528.585449	14.520
4561.401367	14.457
4594.455078	14.394
4627.748535	14.332
4661.283203	14.269
4695.060547	14.206
4729.083008	14.144
4763.352051	14.082
4797.869141	14.020
4832.636719	13.958
4867.655762	13.897
4902.928711	13.836
4938.457520	13.776
4974.243652	13.717
5010.289062	13.658
5046.595703	13.599
5083.165527	13.541
5120.000000	13.483
5157.101562	13.426
5194.472168	13.369
5232.113281	13.313
5270.027344	13.257
5308.216309	13.200
5346.681641	13.144
5385.426270	13.087
5424.451172	13.030
5463.758789	12.972
5503.351562	12.913
5543.230957	12.851
5583.399414	12.787
5623.859375	12.722
5664.611816	12.656
5705.660156	12.588
5747.005859	12.518
5788.650879	12.447
5830.597656	12.374
5872.848633	12.299
5915.405762	12.223
5958.271484	12.144
6001.447266	12.063
6044.936523	11.979
6088.740234	11.893
6132.861816	11.805
6177.303223	11.713
6222.066406	11.619
6267.154297	11.522
6312.568359	11.421
6358.312012	11.318
6404.386719	11.211
6450.795898	11.101
6497.541016	10.988
6544.625000	10.872
6592.049805	10.753
6639.818359	10.633
6687.933594	10.510
6736.396973	10.387
6785.211426	10.263
6834.379883	10.140
6883.904785	10.018
6933.788574	9.899
6984.033691	9.783
7034.642578	9.671
7085.618652	9.565
7136.963867	9.465
7188.681152	9.373
7240.773438	9.290
7293.243164	9.217
7346.092773	9.155
7399.325684	9.105
7452.944336	9.068
7506.951172	9.044
7561.350098	9.033
7616.142578	9.035
7671.332031	9.048
7726.921875	9.070
7782.914551	9.099
7839.312500	9.131
7896.119629	9.162
7953.337891	9.188
8010.971191	9.202
8069.021973	9.201
8127.493164	9.178
8186.388672	9.128
8245.710938	9.046
8305.461914	8.927
8365.647461	8.769
8426.267578	8.568
8487.328125	8.321
8548.831055	8.029
8610.779297	7.692
8673.176758	7.310
8736.026367	6.885
8799.331055	6.421
8863.094727	5.921
8927.320312	5.390
8992.010742	4.834
9057.170898	4.259
9122.802734	3.673
9188.910156	3.086
9255.497070	2.508
9322.566406	1.951
9390.121094	1.427
9458.166016	0.949
9526.704102	0.528
9595.738281	0.173
9665.273438	-0.110
9735.311523	-0.319
9805.857422	-0.458
9876.915039	-0.532
9948.487305	-0.550
10020.578125	-0.525
10093.191406	-0.466
10166.331055	-0.384
10240.000000	-0.288
10314.203125	-0.186
10388.944336	-0.083
10464.226562	0.019
10540.054688	0.116
10616.432617	0.211
10693.363281	0.303
10770.852539	0.396
10848.902344	0.492
10927.517578	0.595
11006.703125	0.707
11086.461914	0.832
11166.798828	0.971
11247.718750	1.126
11329.223633	1.295
11411.320312	1.477
11494.011719	1.671
11577.301758	1.873
11661.195312	2.079
11745.697266	2.286
11830.811523	2.488
11916.542969	2.681
12002.894531	2.862
12089.873047	3.025
12177.480469	3.169
12265.723633	3.290
12354.606445	3.387
12444.132812	3.460
12534.308594	3.509
12625.136719	3.537
12716.624023	3.547
12808.773438	3.543
12901.591797	3.530
12995.082031	3.514
13089.250000	3.499
13184.099609	3.489
13279.636719	3.488
13375.867188	3.497
13472.793945	3.516
13570.422852	3.544
13668.759766	3.578
13767.809570	3.615
13867.577148	3.649
13968.067383	3.678
14069.285156	3.696
14171.237305	3.700
14273.927734	3.687
14377.362305	3.656
14481.546875	3.607
14586.486328	3.541
14692.185547	3.458
14798.651367	3.363
14905.888672	3.257
15013.902344	3.146
15122.700195	3.033
15232.285156	2.920
15342.664062	2.812
15453.843750	2.709
15565.829102	2.614
15678.625000	2.527
15792.239258	2.446
15906.675781	2.371
16021.942383	2.300
16138.043945	2.231
16254.986328	2.160
16372.777344	2.087
16491.421875	2.009
16610.923828	1.925
16731.294922	1.834
16852.535156	1.734
16974.656250	1.627
17097.662109	1.513
17221.558594	1.393
17346.353516	1.270
17472.052734	1.146
17598.662109	1.021
17726.189453	0.896
17854.640625	0.770
17984.021484	0.644
18114.341797	0.517
18245.605469	0.390
18377.820312	0.262
18510.994141	0.134
18645.132812	0.006
18780.242188	-0.124
18916.332031	-0.253
19053.408203	-0.383
19191.476562	-0.514
19330.546875	-0.645
19470.623047	-0.776
19611.714844	-0.908
19753.830078	-1.040
19896.974609	-1.168
20000.000000	-1.296
