20.000000	0.000
20.299999	0.000
20.600000	0.000
20.900000	0.001
21.200001	0.002
21.400000	0.002
21.799999	0.002
22.000000	0.002
22.400000	0.003
22.700001	0.003
23.000000	0.004
23.299999	0.005
23.600000	0.005
24.000000	0.007
24.299999	0.007
24.700001	0.008
25.000000	0.009
25.400000	0.010
25.799999	0.012
26.200001	0.013
26.500000	0.014
26.900000	0.015
27.200001	0.016
27.600000	0.018
28.000000	0.019
28.500000	0.021
29.000000	0.023
29.500000	0.024
30.000000	0.026
30.400000	0.028
30.700001	0.028
31.100000	0.030
31.500000	0.031
32.000000	0.033
32.500000	0.035
33.000000	0.036
33.500000	0.038
34.000000	0.040
34.500000	0.042
35.000000	0.043
35.500000	0.045
36.000000	0.047
36.500000	0.049
37.000000	0.050
37.500000	0.052
38.200001	0.054
38.700001	0.056
39.500000	0.059
40.000000	0.061
40.599998	0.063
41.200001	0.065
41.799999	0.067
42.500000	0.069
43.099998	0.071
43.700001	0.073
44.400002	0.075
45.000000	0.077
45.500000	0.079
46.200001	0.081
46.799999	0.083
47.500000	0.086
48.200001	0.088
48.700001	0.089
49.400002	0.091
50.000000	0.093
50.799999	0.096
51.500000	0.098
52.200001	0.100
53.000000	0.102
53.799999	0.104
54.500000	0.106
55.200001	0.108
56.000000	0.110
57.000000	0.113
58.000000	0.116
59.000000	0.119
60.000000	0.122
60.799999	0.124
61.500000	0.126
62.200001	0.128
63.000000	0.130
64.000000	0.133
65.000000	0.136
66.000000	0.138
67.000000	0.141
68.000000	0.144
69.000000	0.147
70.000000	0.150
71.000000	0.152
72.000000	0.155
73.000000	0.158
74.000000	0.161
75.000000	0.163
76.199997	0.167
77.500000	0.170
78.800003	0.174
80.000000	0.177
81.199997	0.181
82.500000	0.185
83.800003	0.190
85.000000	0.194
86.199997	0.198
87.500000	0.202
88.500000	0.206
90.000000	0.211
91.199997	0.216
92.500000	0.221
93.800003	0.227
95.000000	0.231
96.199997	0.236
97.500000	0.242
98.800003	0.248
100.000000	0.253
101.500000	0.260
103.000000	0.267
104.400002	0.273
106.000000	0.281
107.500000	0.288
109.000000	0.295
110.599998	0.303
112.000000	0.310
113.800003	0.319
115.000000	0.325
117.199997	0.337
118.000000	0.342
120.599998	0.356
122.000000	0.364
124.099998	0.376
125.000000	0.381
126.500000	0.390
128.000000	0.399
131.500000	0.419
132.000000	0.422
134.000000	0.433
136.000000	0.444
138.000000	0.454
140.000000	0.464
143.000000	0.477
145.000000	0.486
147.500000	0.496
150.000000	0.506
152.500000	0.516
155.000000	0.525
157.500000	0.535
160.000000	0.545
162.500000	0.555
165.000000	0.566
167.500000	0.577
170.000000	0.588
172.500000	0.599
175.000000	0.611
177.500000	0.622
180.000000	0.634
182.500000	0.646
185.000000	0.658
187.500000	0.669
190.000000	0.681
192.500000	0.692
195.000000	0.703
197.500000	0.714
200.000000	0.724
203.000000	0.737
206.000000	0.749
209.000000	0.762
212.000000	0.775
214.000000	0.784
218.000000	0.802
220.000000	0.811
224.000000	0.830
227.000000	0.845
230.000000	0.861
233.000000	0.877
236.000000	0.894
240.000000	0.916
243.000000	0.932
247.000000	0.954
250.000000	0.970
254.000000	0.991
258.000000	1.011
262.000000	1.030
265.000000	1.044
269.000000	1.062
272.000000	1.075
276.000000	1.093
280.000000	1.111
285.000000	1.135
290.000000	1.159
295.000000	1.184
300.000000	1.210
304.000000	1.231
307.000000	1.248
311.000000	1.271
315.000000	1.294
320.000000	1.323
325.000000	1.353
330.000000	1.383
335.000000	1.413
340.000000	1.443
345.000000	1.472
350.000000	1.501
355.000000	1.528
360.000000	1.556
365.000000	1.582
370.000000	1.609
375.000000	1.635
382.000000	1.672
387.000000	1.699
395.000000	1.743
400.000000	1.771
406.000000	1.806
412.000000	1.840
418.000000	1.871
425.000000	1.902
431.000000	1.929
437.000000	1.959
444.000000	1.993
450.000000	2.019
455.000000	2.035
462.000000	2.056
468.000000	2.074
475.000000	2.094
482.000000	2.115
487.000000	2.129
494.000000	2.150
500.000000	2.162
508.000000	2.181
515.000000	2.195
522.000000	2.208
530.000000	2.233
538.000000	2.258
545.000000	2.284
552.000000	2.311
560.000000	2.337
570.000000	2.392
580.000000	2.441
590.000000	2.493
600.000000	2.546
608.000000	2.594
615.000000	2.629
622.000000	2.667
630.000000	2.715
640.000000	2.773
650.000000	2.819
660.000000	2.869
670.000000	2.914
680.000000	2.950
690.000000	2.988
700.000000	3.036
710.000000	3.077
720.000000	3.119
730.000000	3.159
740.000000	3.188
750.000000	3.209
762.000000	3.247
775.000000	3.293
788.000000	3.349
800.000000	3.391
812.000000	3.426
825.000000	3.477
838.000000	3.523
850.000000	3.569
862.000000	3.628
875.000000	3.694
885.000000	3.730
900.000000	3.788
912.000000	3.853
925.000000	3.908
938.000000	3.953
950.000000	3.999
962.000000	4.041
975.000000	4.080
988.000000	4.124
1000.000000	4.171
1015.000000	4.214
1030.000000	4.246
1044.000000	4.302
1060.000000	4.384
1075.000000	4.459
1090.000000	4.517
1106.000000	4.571
1120.000000	4.631
1138.000000	4.712
1150.000000	4.765
1172.000000	4.870
1180.000000	4.910
1206.000000	5.029
1220.000000	5.093
1241.000000	5.203
1250.000000	5.252
1265.000000	5.337
1280.000000	5.432
1315.000000	5.674
1320.000000	5.708
1340.000000	5.858
1360.000000	6.026
1380.000000	6.202
1400.000000	6.379
1430.000000	6.644
1450.000000	6.820
1475.000000	7.042
1500.000000	7.263
1525.000000	7.483
1550.000000	7.700
1575.000000	7.915
1600.000000	8.127
1625.000000	8.339
1650.000000	8.553
1675.000000	8.769
1700.000000	8.988
1725.000000	9.210
1750.000000	9.434
1775.000000	9.659
1800.000000	9.885
1825.000000	10.112
1850.000000	10.338
1875.000000	10.563
1900.000000	10.786
1925.000000	11.009
1950.000000	11.236
1975.000000	11.470
2000.000000	11.714
2030.000000	12.010
2060.000000	12.294
2090.000000	12.553
2120.000000	12.787
2140.000000	12.934
2180.000000	13.213
2200.000000	13.349
2240.000000	13.618
2270.000000	13.818
2300.000000	14.017
2330.000000	14.213
2360.000000	14.405
2400.000000	14.647
2430.000000	14.817
2470.000000	15.022
2500.000000	15.160
2540.000000	15.328
2580.000000	15.485
2620.000000	15.632
2650.000000	15.735
2690.000000	15.861
2720.000000	15.946
2760.000000	16.046
2800.000000	16.130
2850.000000	16.213
2900.000000	16.276
2950.000000	16.321
3000.000000	16.352
3040.000000	16.370
3070.000000	16.379
3110.000000	16.388
3150.000000	16.392
3200.000000	16.391
3250.000000	16.382
3300.000000	16.365
3350.000000	16.337
3400.000000	16.298
3450.000000	16.249
3500.000000	16.191
3550.000000	16.125
3600.000000	16.053
3650.000000	15.977
3700.000000	15.896
3750.000000	15.811
3820.000000	15.687
3870.000000	15.595
3950.000000	15.440
4000.000000	15.341
4060.000000	15.219
4120.000000	15.095
4180.000000	14.970
4250.000000	14.823
4310.000000	14.696
4370.000000	14.568
4440.000000	14.417
4500.000000	14.287
4550.000000	14.179
4620.000000	14.026
4680.000000	13.898
4750.000000	13.750
4820.000000	13.608
4870.000000	13.511
4940.000000	13.382
5000.000000	13.279
5080.000000	13.152
5150.000000	13.050
5220.000000	12.956
5300.000000	12.856
5380.000000	12.760
5450.000000	12.679
5520.000000	12.599
5600.000000	12.503
5700.000000	12.374
5800.000000	12.231
5900.000000	12.068
6000.000000	11.884
6080.000000	11.715
6150.000000	11.545
6220.000000	11.346
6300.000000	11.090
6400.000000	10.766
6500.000000	10.454
6600.000000	10.125
6700.000000	9.754
6800.000000	9.351
6900.000000	8.956
7000.000000	8.604
7100.000000	8.299
7200.000000	8.018
7300.000000	7.763
7400.000000	7.556
7500.000000	7.424
7620.000000	7.418
7750.000000	7.666
7880.000000	8.163
8000.000000	8.740
8120.000000	9.299
8250.000000	9.683
8380.000000	9.600
8500.000000	8.981
8620.000000	7.890
8750.000000	6.400
8850.000000	5.174
9000.000000	3.353
9120.000000	2.004
9250.000000	0.723
9380.000000	-0.302
9500.000000	-0.931
9620.000000	-1.206
9750.000000	-1.131
9880.000000	-0.754
10000.000000	-0.260
10150.000000	0.319
10300.000000	0.663
10440.000000	0.729
10600.000000	0.550
10750.000000	0.207
10900.000000	-0.177
11060.000000	-0.447
11200.000000	-0.454
11380.000000	-0.112
11500.000000	0.308
11720.000000	1.323
11800.000000	1.734
12060.000000	3.092
12200.000000	3.707
12410.000000	4.220
12500.000000	4.231
12650.000000	3.953
12800.000000	3.418
13150.000000	2.173
13200.000000	2.075
13400.000000	2.026
13600.000000	2.433
13800.000000	3.094
14000.000000	3.716
14300.000000	4.124
14500.000000	3.900
14750.000000	3.162
15000.000000	2.279
15250.000000	1.595
15500.000000	1.328
15750.000000	1.374
16000.000000	1.523
16250.000000	1.684
16500.000000	1.719
16750.000000	1.515
17000.000000	1.122
17250.000000	0.657
17500.000000	0.181
17750.000000	-0.293
18000.000000	-0.761
18250.000000	-1.222
18500.000000	-1.676
18750.000000	-2.125
19000.000000	-2.573
19250.000000	-3.069
19500.000000	-4.006
19750.000000	-6.687
20000.000000	-6.690
